["head":"wrap","lpos","status"]
[107,598310,1]
["io count"]
[50]
["io":"id","wrap","startLpos","endLpos"]
[1,12,534237,534449]
[2,8,302188,303061]
[3,33,270448,270116]
[4,33,481919,476919]
[5,23,350055,349026]
[6,37,198755,197267]
[7,41,513945,513356]
[8,16,261024,261190]
[9,7,297090,296976]
[10,39,239580,238315]
[11,52,409205,409552]
[12,7,496304,495237]
[13,48,319747,321185]
[14,5,413786,413579]
[15,13,308058,307773]
[16,10,650169,650891]
[17,11,548583,548053]
[18,40,292949,293440]
[19,47,429864,428853]
[20,7,479996,478692]
[21,8,417431,418718]
[22,36,273128,273560]
[23,21,345714,345388]
[24,4,454044,454613]
[25,3,419599,419566]
[26,30,261107,261198]
[27,20,419946,420909]
[28,17,241879,241379]
[29,24,105710,105947]
[30,6,386678,387396]
[31,9,481382,480588]
[32,23,419333,419002]
[33,47,544469,543479]
[34,34,578643,578712]
[35,28,408567,408809]
[36,8,287116,287171]
[37,30,359741,360900]
[38,30,188956,189130]
[39,45,361086,360239]
[40,55,354427,353285]
[41,21,386973,386047]
[42,49,498855,497716]
[43,34,106423,107055]
[44,28,457046,457635]
[45,32,299632,299755]
[46,42,462135,462676]
[47,33,386652,386616]
[48,34,239346,240516]
[49,54,472009,472387]
[50,0,275392,276392]
